VOTER PARTICIPATION STATISTICS BY COUNTY
County

Alameda
Alpine
Amador
Butte
Calaveras
Colusa
Contra Costa
Del Norte
El Dorado
Fresno
Glenn
Humboldt
Imperial
Inyo
Kern
Kings
Lake
Lassen
Los Angeles
Madera
Marin
Mariposa
Mendocino
Merced
Modoc
Mono
Monterey
Napa
Nevada
Orange
Placer
Plumas
Riverside
Sacramento
San Benito
San Bernardino
San Diego
San Francisco
San Joaquin
San Luis Obispo
San Mateo
Santa Barbara
Santa Clara
Santa Cruz
Shasta
Sierra
Siskiyou
Solano
Sonoma
Stanislaus
Sutter
Tehama
Trinity
Tulare
Tuolumne
Ventura
Yolo
Yuba
State Total
Percent

Number of
Precincts

Eligible to
Register

Registered
Voters

Precinct
Voters

Vote-By-Mail
Voters

1,118
5
61
157
30
18
652
18
154
577
38
107
165
24
591
203
70
52
5,027
100
173
25
249
190
21
13
194
167
84
1,863
368
29
1,193
1,263
44
1,737
2,001
597
498
163
475
250
1,066
235
132
22
59
179
417
357
58
46
25
221
73
614
122
45
24,435

1,036,648
878
26,593
167,802
35,473
12,296
718,685
18,253
135,707
572,045
18,264
104,687
95,149
13,668
497,934
77,443
49,067
17,174
6,096,320
85,976
176,922
15,290
64,404
151,262
6,934
9,635
235,827
91,531
76,731
1,963,747
259,591
15,299
1,394,302
961,112
34,594
1,273,684
2,135,863
625,446
428,595
202,600
490,797
281,167
1,157,944
187,844
135,199
2,502
35,187
284,151
341,804
326,747
59,786
43,727
11,089
256,248
39,669
542,109
140,889
47,855
24,288,145

814,009
764
20,798
117,503
27,068
7,595
527,521
12,750
106,931
416,433
12,034
76,008
59,149
9,500
332,228
48,251
33,489
12,895
4,897,915
52,494
148,976
10,501
47,502
95,452
5,195
5,812
165,731
70,493
61,690
1,424,216
200,422
11,831
891,575
683,632
24,251
851,684
1,546,924
433,844
297,425
150,139
355,598
196,998
805,502
142,316
97,933
2,229
24,840
200,147
244,448
214,209
41,608
30,169
7,213
137,695
29,274
433,064
101,032
26,918
17,803,823
73.30%

139,016
0
4,540
17,631
4,732
1,762
93,390
2,980
14,272
64,901
1,296
16,492
8,096
1,652
48,035
4,835
6,017
1,633
941,812
8,970
25,960
1,995
4,377
16,085
798
1,107
17,751
2,397
9,383
252,472
31,546
1,722
124,829
111,628
4,551
117,179
242,638
94,995
32,135
25,417
54,056
36,803
96,077
30,296
18,692
0
4,136
26,318
34,870
23,532
5,119
4,527
1,026
19,676
3,586
84,672
17,476
4,378
2,966,267
39.48%

227,583
468
8,543
45,858
11,369
2,660
165,617
4,352
48,701
98,519
4,875
22,037
13,449
3,940
87,971
17,928
12,044
5,339
577,023
18,400
63,576
4,701
20,640
22,587
2,112
2,048
57,364
36,369
30,246
387,886
84,001
5,521
232,935
219,189
9,484
176,104
449,796
136,219
87,037
62,288
110,397
77,303
308,089
43,744
40,010
1,627
10,123
65,001
111,757
69,206
15,911
11,264
2,977
43,244
13,839
119,111
28,980
8,343
4,547,705
60.52%

3

Total
Percent of
Turnout
Voters Vote-By-Mail Registered
Voters
366,599
62.08%
45.04%
468
100.00%
61.26%
13,083
65.30%
62.91%
63,489
72.23%
54.03%
16,101
70.61%
59.48%
4,422
60.15%
58.22%
259,007
63.94%
49.10%
7,332
59.36%
57.51%
62,973
77.34%
58.89%
163,420
60.29%
39.24%
6,171
79.00%
51.28%
38,529
57.20%
50.69%
21,545
62.42%
36.42%
5,592
70.46%
58.86%
136,006
64.68%
40.94%
22,763
78.76%
47.18%
18,061
66.69%
53.93%
6,972
76.58%
54.07%
1,518,835
37.99%
31.01%
27,370
67.23%
52.14%
89,536
71.01%
60.10%
6,696
70.21%
63.77%
25,017
82.50%
52.67%
38,672
58.41%
40.51%
2,910
72.58%
56.02%
3,155
64.91%
54.28%
75,115
76.37%
45.32%
38,766
93.82%
54.99%
39,629
76.32%
64.24%
44.96%
640,358
60.57%
115,547
72.70%
57.65%
7,243
76.23%
61.22%
357,764
65.11%
40.13%
330,817
66.26%
48.39%
14,035
67.57%
57.87%
293,283
60.05%
34.44%
692,434
64.96%
44.76%
231,214
58.91%
53.29%
119,172
73.03%
40.07%
87,705
71.02%
58.42%
164,453
67.13%
46.25%
114,106
67.75%
57.92%
404,166
76.23%
50.18%
74,040
59.08%
52.03%
68.16%
59.94%
58,702
1,627
100.00%
72.99%
14,259
70.99%
57.40%
91,319
71.18%
45.63%
146,627
76.22%
59.98%
92,738
74.63%
43.29%
21,030
75.66%
50.54%
15,791
71.33%
52.34%
4,003
74.37%
55.50%
62,920
68.73%
45.70%
17,425
79.42%
59.52%
203,783
58.45%
47.06%
46,456
62.38%
45.98%
12,721
65.58%
47.26%
7,513,972
60.52%
42.20%

Turnout
Eligible
35.36%
53.30%
49.20%
37.84%
45.39%
35.96%
36.04%
40.17%
46.40%
28.57%
33.79%
36.80%
22.64%
40.91%
27.31%
29.39%
36.81%
40.60%
24.91%
31.83%
50.61%
43.79%
38.84%
25.57%
41.97%
32.75%
31.85%
42.35%
51.65%
32.61%
44.51%
47.34%
25.66%
34.42%
40.57%
23.03%
32.42%
36.97%
27.81%
43.29%
33.51%
40.58%
34.90%
39.42%
43.42%
65.03%
40.52%
32.14%
42.90%
28.38%
35.18%
36.11%
36.10%
24.55%
43.93%
37.59%
32.97%
26.58%
30.94%

